version https://git-lfs.github.com/spec/v1
oid sha256:f64abd6c90524efce1af4c1458e148da8409822472c4622be610dc3da7054410
size 16115
