version https://git-lfs.github.com/spec/v1
oid sha256:d3609dab0e0dbb71288dc931503b7acd22e338bc734acd5b6edaf85295dc64f7
size 9852
