version https://git-lfs.github.com/spec/v1
oid sha256:b2c53fd4c35721b902974225353d611f2f60eeac66f528ef5c17e86112b330d5
size 56838
