version https://git-lfs.github.com/spec/v1
oid sha256:59ed8584e3faacff40ac8cf27e736c0d89b8fd024548d366da55ddb23b3d0c81
size 71
