version https://git-lfs.github.com/spec/v1
oid sha256:609541f49202c4e50903cf3f8da4f85f68de82e25c422228bd0ffccab40407a9
size 35
